1220.0 1919.0 1664.0 2712.0 2466.0 1727.0 1323.0 2940.0 1833.0 2366.0 1745.0 1603.0 863.0 2377.0 1422.0 2310.0 2251.0 1878.0 1732.0 1578.0 1778.0 2271.0 1634.0 2508.0 1553.0 2194.0 2731.0 1842.0 2208.0 1431.0 1645.0 1834.0 1248.0 2619.0 2262.0 2267.0 3209.0 1840.0 1081.0 1002.0 1173.0 1974.0 1814.0 
1747.0 2355.0 1119.0 1483.0 2927.0 2329.0 2136.0 2393.0 1892.0 1889.0 1088.0 2013.0 2498.0 1876.0 1547.0 753.0 1994.0 1050.0 1420.0 1365.0 2388.0 1659.0 2680.0 1368.0 1671.0 2853.0 2200.0 657.0 1614.0 1711.0 2425.0 1288.0 2076.0 2306.0 2342.0 1971.0 2410.0 2944.0 2479.0 1661.0 1170.0 2469.0 1197.0 
2136.0 2134.0 1753.0 843.0 1757.0 1366.0 2410.0 1809.0 1959.0 1554.0 2472.0 944.0 2614.0 1827.0 2518.0 1965.0 1515.0 2148.0 890.0 2246.0 2267.0 2032.0 2544.0 2300.0 1797.0 2931.0 820.0 2604.0 1397.0 2534.0 1007.0 2420.0 771.0 1575.0 1905.0 1966.0 2092.0 1499.0 1344.0 1414.0 1331.0 1854.0 2157.0 
822.0 1930.0 1808.0 2101.0 1560.0 2026.0 2955.0 2475.0 2442.0 1668.0 1573.0 1370.0 2306.0 887.0 2119.0 2261.0 1410.0 2380.0 2602.0 1766.0 1102.0 1969.0 1756.0 618.0 1605.0 2110.0 2131.0 1957.0 2646.0 1617.0 2894.0 2093.0 1320.0 835.0 720.0 2084.0 1572.0 1189.0 2060.0 1351.0 1173.0 1666.0 2741.0 
2373.0 2237.0 2012.0 2010.0 1920.0 1337.0 1161.0 2215.0 1697.0 2109.0 1611.0 1754.0 2810.0 1980.0 1563.0 1042.0 2790.0 2927.0 1796.0 2061.0 2061.0 2494.0 1708.0 1323.0 2782.0 1593.0 2085.0 2009.0 1713.0 927.0 1761.0 2256.0 1850.0 2402.0 1629.0 1098.0 813.0 1058.0 1810.0 2268.0 1973.0 2376.0 1726.0 
2914.0 2536.0 1441.0 1547.0 2144.0 2330.0 1948.0 1327.0 1285.0 1940.0 1734.0 1153.0 2239.0 2522.0 1121.0 1621.0 1443.0 1573.0 1305.0 1070.0 1879.0 1671.0 1572.0 1801.0 1328.0 836.0 1899.0 2226.0 740.0 2631.0 2156.0 1506.0 1302.0 2268.0 1268.0 2234.0 1915.0 2351.0 1483.0 2508.0 1071.0 1821.0 1580.0 
1004.0 1858.0 3104.0 1370.0 1914.0 1462.0 2073.0 2377.0 1842.0 2697.0 1464.0 1084.0 2234.0 2552.0 967.0 2147.0 2169.0 2517.0 697.0 2653.0 1358.0 2338.0 2238.0 2393.0 1571.0 2064.0 1784.0 1634.0 2724.0 1277.0 2274.0 1767.0 1732.0 892.0 2401.0 2564.0 2423.0 950.0 1536.0 2599.0 1544.0 527.0 2130.0 
2790.0 918.0 1134.0 1669.0 2935.0 1956.0 1275.0 1984.0 2260.0 2711.0 1518.0 1520.0 1379.0 1627.0 2071.0 1624.0 2078.0 2495.0 1953.0 2596.0 2089.0 1448.0 1660.0 2366.0 2784.0 2533.0 2025.0 2722.0 2411.0 957.0 1658.0 2066.0 1305.0 1705.0 1771.0 1301.0 1600.0 1733.0 1672.0 1938.0 114.0 2175.0 1777.0 
2686.0 2224.0 1636.0 3335.0 2296.0 2340.0 1814.0 1111.0 1546.0 1987.0 2905.0 2175.0 1533.0 2688.0 2118.0 1836.0 1692.0 1964.0 1678.0 2641.0 1884.0 1651.0 1850.0 1280.0 1967.0 2472.0 2000.0 1458.0 2227.0 2021.0 1912.0 2328.0 1832.0 1737.0 1388.0 3008.0 2015.0 2025.0 1874.0 2756.0 1445.0 1525.0 1754.0 
1822.0 2250.0 1392.0 1348.0 1613.0 1485.0 884.0 1194.0 2924.0 1916.0 3288.0 3095.0 2012.0 2313.0 1980.0 1604.0 2923.0 2162.0 1577.0 3641.0 2488.0 2257.0 1309.0 3239.0 1107.0 1244.0 1293.0 1388.0 3278.0 1670.0 189.0 2178.0 2403.0 3016.0 1571.0 1760.0 1297.0 1778.0 1812.0 1688.0 2009.0 2025.0 2007.0 
2218.0 1115.0 1443.0 1661.0 3080.0 1487.0 1826.0 959.0 1384.0 697.0 2006.0 1304.0 2147.0 1471.0 1808.0 2168.0 1023.0 1811.0 696.0 1078.0 1805.0 1782.0 2112.0 2206.0 1513.0 1746.0 1981.0 1663.0 2239.0 2348.0 2438.0 1598.0 1510.0 2371.0 2040.0 1178.0 2504.0 1893.0 1562.0 749.0 2162.0 3231.0 1936.0 
2515.0 2104.0 2309.0 1520.0 2499.0 2204.0 2073.0 1358.0 2553.0 2547.0 1738.0 1319.0 1423.0 1730.0 2217.0 2423.0 1995.0 1749.0 1367.0 2169.0 1427.0 1629.0 1283.0 1956.0 674.0 2704.0 1188.0 1302.0 1161.0 1695.0 1679.0 1382.0 1172.0 2428.0 1465.0 2083.0 2364.0 2492.0 3222.0 1517.0 2141.0 1412.0 1557.0 
2259.0 1822.0 776.0 1303.0 965.0 1780.0 2645.0 2330.0 2607.0 2457.0 1781.0 1125.0 1104.0 2249.0 1132.0 2081.0 1142.0 2768.0 1812.0 1419.0 2841.0 2147.0 1618.0 2161.0 1443.0 2375.0 1286.0 579.0 2392.0 1188.0 2010.0 1387.0 3033.0 1757.0 1478.0 1397.0 2393.0 1115.0 1974.0 1656.0 1872.0 1027.0 701.0 
877.0 1267.0 1648.0 2887.0 1609.0 1507.0 2602.0 1849.0 1372.0 2115.0 1020.0 1383.0 2259.0 2089.0 2318.0 1589.0 2260.0 2392.0 1515.0 1262.0 1779.0 2545.0 1797.0 1999.0 1361.0 2070.0 607.0 1831.0 2116.0 1192.0 2198.0 2122.0 2628.0 2040.0 2336.0 1284.0 2175.0 2406.0 1989.0 1770.0 2527.0 1278.0 1161.0 
896.0 1869.0 1019.0 1909.0 1174.0 1703.0 1705.0 1607.0 1635.0 1349.0 529.0 1672.0 2747.0 1590.0 1094.0 1546.0 2044.0 1767.0 2404.0 3065.0 2677.0 1722.0 1883.0 2704.0 1797.0 1333.0 2284.0 1236.0 2478.0 1577.0 2140.0 1617.0 1919.0 1372.0 2503.0 894.0 1469.0 1987.0 2426.0 421.0 2669.0 2380.0 2902.0 
2897.0 1573.0 2472.0 2791.0 2073.0 2349.0 1630.0 2647.0 1529.0 2826.0 2608.0 1682.0 1964.0 1938.0 2063.0 1845.0 2070.0 1283.0 1500.0 2009.0 1112.0 1815.0 1880.0 1422.0 814.0 3104.0 1019.0 1788.0 1889.0 767.0 866.0 1974.0 1384.0 1960.0 495.0 1291.0 3292.0 2128.0 1826.0 872.0 2139.0 1236.0 1735.0 
2026.0 1348.0 1684.0 1750.0 1230.0 2856.0 985.0 1284.0 1909.0 1513.0 1916.0 1621.0 2193.0 1081.0 2278.0 2709.0 1287.0 1404.0 1577.0 654.0 3027.0 1199.0 1502.0 2378.0 1225.0 1769.0 1850.0 1678.0 2381.0 1960.0 1976.0 1309.0 2459.0 1971.0 1963.0 1253.0 2666.0 1972.0 2004.0 1601.0 2409.0 2673.0 1315.0 
1006.0 1723.0 1949.0 1552.0 1852.0 1927.0 2150.0 1938.0 3286.0 2422.0 1447.0 1581.0 2073.0 2460.0 1046.0 1101.0 1571.0 1390.0 1361.0 1365.0 687.0 2213.0 1437.0 1656.0 1500.0 1781.0 2159.0 1360.0 1975.0 2334.0 1100.0 1432.0 2074.0 1475.0 1558.0 1939.0 2376.0 2363.0 1773.0 1879.0 755.0 1408.0 2364.0 
1799.0 2951.0 2287.0 2530.0 2080.0 1301.0 1162.0 2700.0 1674.0 1420.0 2264.0 1374.0 2592.0 968.0 2025.0 2228.0 1728.0 1029.0 516.0 1569.0 2594.0 1477.0 1844.0 2863.0 1530.0 2183.0 1699.0 1576.0 1844.0 1186.0 1459.0 703.0 2376.0 2306.0 1272.0 2332.0 2426.0 2345.0 1730.0 3110.0 2092.0 2288.0 1550.0 
1577.0 2278.0 2446.0 1682.0 1605.0 1857.0 1728.0 1720.0 762.0 612.0 1325.0 1410.0 2002.0 2402.0 1830.0 1542.0 699.0 2143.0 2139.0 1745.0 2197.0 808.0 2039.0 2951.0 1909.0 1915.0 1680.0 1932.0 1724.0 2170.0 1794.0 1294.0 1657.0 1769.0 1489.0 1565.0 1760.0 2091.0 3240.0 2830.0 891.0 2431.0 1516.0 
1147.0 2282.0 485.0 1950.0 1032.0 2542.0 1956.0 1733.0 2146.0 2955.0 1799.0 1693.0 1886.0 1871.0 1843.0 1376.0 1030.0 2407.0 1214.0 1436.0 1881.0 1184.0 1751.0 2081.0 1943.0 2445.0 1924.0 1734.0 2250.0 2240.0 1864.0 1358.0 2083.0 1678.0 1829.0 1541.0 1399.0 2770.0 1152.0 1331.0 1939.0 1804.0 2020.0 
1795.0 1966.0 1480.0 1555.0 2265.0 1328.0 2123.0 496.0 2939.0 781.0 3045.0 2411.0 3056.0 1234.0 1294.0 723.0 1968.0 2724.0 2307.0 2656.0 3082.0 1815.0 1049.0 1807.0 1673.0 2983.0 1568.0 2533.0 1608.0 1464.0 975.0 1772.0 1047.0 2175.0 2170.0 2750.0 1513.0 1466.0 995.0 2374.0 581.0 1698.0 1180.0 
2903.0 2051.0 2295.0 1866.0 1200.0 1088.0 2068.0 1119.0 2660.0 1566.0 2286.0 2217.0 2156.0 1375.0 2312.0 1620.0 1001.0 1829.0 2128.0 2201.0 2406.0 2413.0 1560.0 2676.0 2943.0 1822.0 2118.0 2494.0 1928.0 1065.0 1714.0 2363.0 2356.0 1750.0 1154.0 2142.0 2317.0 1560.0 1249.0 1631.0 2230.0 2020.0 1593.0 
2235.0 1866.0 2701.0 2405.0 1457.0 1892.0 2278.0 1942.0 1607.0 1573.0 2244.0 771.0 1408.0 1306.0 1701.0 2051.0 739.0 638.0 1581.0 2542.0 975.0 2525.0 2407.0 1598.0 1564.0 1959.0 2096.0 1802.0 1796.0 2069.0 2195.0 2182.0 1750.0 2627.0 978.0 1611.0 1294.0 1710.0 1763.0 2320.0 1984.0 2679.0 3452.0 
1586.0 2348.0 2210.0 1852.0 1639.0 1242.0 1920.0 2100.0 1955.0 1845.0 1571.0 1325.0 1227.0 927.0 1712.0 2075.0 2292.0 1143.0 1374.0 1677.0 2567.0 1939.0 1988.0 3089.0 1466.0 2262.0 992.0 1138.0 2008.0 2150.0 923.0 2119.0 694.0 1661.0 1660.0 3267.0 1644.0 1196.0 2149.0 584.0 973.0 1552.0 1890.0 
2452.0 1773.0 564.0 1551.0 1472.0 2650.0 1339.0 1866.0 1109.0 2176.0 1004.0 2567.0 2019.0 1320.0 2730.0 2080.0 2476.0 2806.0 2123.0 2199.0 1609.0 2412.0 3527.0 1290.0 2140.0 1600.0 1055.0 1787.0 1842.0 668.0 817.0 2237.0 2036.0 1723.0 782.0 1168.0 2273.0 2601.0 1841.0 1403.0 2347.0 2822.0 1795.0 
1346.0 1757.0 2109.0 1674.0 2046.0 3229.0 1857.0 1689.0 1803.0 1945.0 1233.0 2212.0 2017.0 2206.0 1313.0 1409.0 1742.0 2147.0 1797.0 1300.0 1348.0 2675.0 1268.0 2021.0 1219.0 2000.0 2106.0 2505.0 1311.0 2068.0 2418.0 2011.0 2276.0 1865.0 1870.0 1837.0 3109.0 867.0 2312.0 1487.0 1124.0 1192.0 1593.0 
2386.0 2389.0 1663.0 1874.0 1260.0 2766.0 2683.0 2378.0 2001.0 2528.0 1221.0 1055.0 1570.0 1828.0 1390.0 661.0 2579.0 2206.0 1656.0 1887.0 1697.0 1540.0 2605.0 1379.0 1789.0 2135.0 2086.0 2820.0 1425.0 1753.0 2355.0 1146.0 3031.0 2134.0 3076.0 1517.0 2366.0 1834.0 1949.0 1718.0 2419.0 2020.0 3240.0 
1583.0 1517.0 1298.0 2940.0 2778.0 1617.0 1594.0 2148.0 1160.0 2294.0 1336.0 2065.0 2060.0 2699.0 1417.0 2271.0 2121.0 1483.0 2417.0 1886.0 1467.0 1026.0 1372.0 1541.0 1886.0 1796.0 2870.0 2676.0 1350.0 1892.0 539.0 1378.0 2218.0 1490.0 2058.0 1867.0 2028.0 2692.0 871.0 1101.0 1972.0 2720.0 2948.0 
2896.0 1941.0 2745.0 1891.0 1598.0 1068.0 2260.0 981.0 2515.0 1346.0 2177.0 1338.0 2110.0 1468.0 1243.0 2072.0 2004.0 2200.0 2722.0 2830.0 1980.0 2697.0 2401.0 2535.0 2274.0 1315.0 2719.0 1714.0 2060.0 1795.0 2227.0 1676.0 1539.0 2117.0 1891.0 1165.0 2259.0 1801.0 1754.0 1827.0 1776.0 2754.0 1266.0 
2783.0 2020.0 1126.0 2587.0 2048.0 1946.0 3508.0 787.0 2445.0 2045.0 2352.0 2113.0 1760.0 1306.0 2018.0 2092.0 1488.0 1581.0 1942.0 1948.0 1682.0 1922.0 2302.0 2356.0 1444.0 2012.0 2419.0 1669.0 1622.0 853.0 1817.0 2459.0 2160.0 1660.0 1362.0 2223.0 773.0 2076.0 1841.0 1227.0 1921.0 1791.0 1875.0 
1955.0 2695.0 2540.0 2072.0 2757.0 2227.0 2741.0 1496.0 1956.0 2306.0 3098.0 1318.0 2659.0 1111.0 3255.0 1527.0 1489.0 2251.0 1481.0 850.0 1390.0 1848.0 898.0 903.0 1509.0 1509.0 1517.0 1255.0 1792.0 2322.0 2126.0 1862.0 1686.0 2299.0 3080.0 2167.0 2487.0 1592.0 1576.0 945.0 2957.0 1942.0 2033.0 
713.0 1364.0 2191.0 1803.0 1049.0 1941.0 2197.0 1195.0 1541.0 1796.0 1458.0 561.0 1533.0 3027.0 1846.0 2673.0 1304.0 1733.0 1370.0 2500.0 1428.0 903.0 2423.0 2310.0 1352.0 2351.0 2050.0 1789.0 2770.0 1596.0 1527.0 2757.0 1902.0 1540.0 3063.0 1955.0 1321.0 2139.0 2094.0 1657.0 2634.0 1803.0 1516.0 
2478.0 393.0 1187.0 2179.0 2750.0 1563.0 2042.0 2860.0 1725.0 2280.0 1937.0 2145.0 2025.0 1813.0 980.0 1686.0 1236.0 2120.0 1175.0 1141.0 2509.0 1653.0 907.0 1831.0 920.0 3705.0 1701.0 2408.0 2115.0 1866.0 1623.0 1777.0 1204.0 2760.0 1470.0 2348.0 2093.0 1124.0 1241.0 2593.0 1788.0 2173.0 1908.0 
2051.0 2245.0 1825.0 2623.0 1746.0 2003.0 1608.0 2208.0 2077.0 2753.0 1263.0 910.0 1990.0 2146.0 2192.0 1202.0 2742.0 2268.0 2379.0 1626.0 1391.0 2783.0 1590.0 1927.0 1830.0 1255.0 1600.0 2045.0 1637.0 2130.0 2811.0 2367.0 1717.0 248.0 2112.0 2044.0 1980.0 2037.0 1553.0 808.0 1180.0 1034.0 2862.0 
3122.0 1223.0 1798.0 1700.0 2506.0 1112.0 2530.0 1767.0 1054.0 2017.0 2367.0 1731.0 2521.0 1838.0 1377.0 2081.0 1815.0 1879.0 2752.0 2974.0 1196.0 1430.0 2064.0 1638.0 2514.0 1815.0 1533.0 901.0 1577.0 1489.0 1543.0 940.0 1703.0 1617.0 1229.0 2847.0 1799.0 1923.0 1491.0 1671.0 2965.0 1998.0 2106.0 
1913.0 1918.0 2181.0 1389.0 1047.0 2408.0 1871.0 1413.0 2323.0 1798.0 1216.0 1225.0 1635.0 1791.0 2224.0 1914.0 2716.0 2073.0 1782.0 1393.0 1904.0 1996.0 1359.0 1648.0 2127.0 1866.0 2225.0 2571.0 718.0 1529.0 3550.0 1705.0 1665.0 1017.0 2392.0 1443.0 1651.0 1848.0 1483.0 990.0 1544.0 1447.0 1984.0 
1574.0 796.0 1812.0 2372.0 1876.0 1599.0 2126.0 2892.0 1588.0 2839.0 1570.0 1197.0 979.0 1608.0 1428.0 2697.0 1838.0 1944.0 2000.0 1398.0 2150.0 1771.0 2299.0 1529.0 1206.0 1773.0 1744.0 1566.0 1009.0 2384.0 2060.0 1434.0 1168.0 2344.0 2403.0 773.0 703.0 1595.0 1863.0 2174.0 1583.0 1987.0 2767.0 
2356.0 1272.0 870.0 2281.0 2377.0 2316.0 1656.0 2137.0 1884.0 2976.0 1636.0 1645.0 2321.0 2018.0 1019.0 1518.0 2178.0 3300.0 2109.0 2062.0 2320.0 2359.0 1358.0 2193.0 1410.0 1119.0 2872.0 2176.0 1511.0 3339.0 1277.0 2187.0 2676.0 1088.0 1271.0 2602.0 1320.0 3320.0 1823.0 291.0 2103.0 1322.0 1233.0 
1519.0 2179.0 1489.0 1533.0 2346.0 1420.0 2053.0 1790.0 983.0 2676.0 2373.0 693.0 1531.0 1158.0 1381.0 1461.0 1746.0 1725.0 1979.0 2401.0 2348.0 2186.0 2159.0 1379.0 1779.0 1484.0 1691.0 1263.0 1759.0 1735.0 888.0 1051.0 2077.0 1824.0 139.0 1901.0 1610.0 2208.0 1452.0 1445.0 1520.0 1935.0 2657.0 
1581.0 1592.0 2215.0 2251.0 1260.0 2443.0 2910.0 1432.0 1178.0 1686.0 1727.0 2394.0 2923.0 1777.0 1650.0 2059.0 1292.0 2121.0 2738.0 2038.0 2156.0 3020.0 1838.0 1746.0 1851.0 1877.0 1259.0 1146.0 945.0 1700.0 2375.0 1434.0 1643.0 2242.0 1846.0 965.0 2396.0 2356.0 1832.0 1856.0 1828.0 2314.0 1570.0 
2330.0 1916.0 1842.0 1500.0 2692.0 1223.0 2000.0 2043.0 1081.0 1941.0 2092.0 2328.0 1598.0 1746.0 941.0 1711.0 1010.0 1647.0 1049.0 1599.0 1195.0 1943.0 1999.0 1805.0 2110.0 1725.0 1675.0 1391.0 1832.0 1796.0 2337.0 1584.0 2569.0 1418.0 2227.0 1148.0 1486.0 1837.0 1774.0 2279.0 2561.0 1531.0 2587.0 
1584.0 2001.0 2568.0 1123.0 1825.0 1894.0 2638.0 1184.0 1389.0 2146.0 1149.0 1304.0 2025.0 2102.0 548.0 2636.0 1300.0 1255.0 638.0 3254.0 2335.0 3340.0 1183.0 1090.0 1738.0 2050.0 2333.0 1723.0 1654.0 1167.0 1916.0 2191.0 1294.0 2044.0 2130.0 1274.0 1919.0 1163.0 1536.0 2255.0 1783.0 716.0 866.0 
2844.0 1581.0 3519.0 2562.0 1715.0 2439.0 1923.0 1813.0 1884.0 2345.0 1426.0 506.0 1405.0 2089.0 2195.0 2630.0 1506.0 2923.0 1875.0 1891.0 2379.0 2263.0 2237.0 2326.0 1803.0 1867.0 1586.0 1505.0 2357.0 1499.0 1785.0 1844.0 1353.0 1519.0 2163.0 1879.0 2192.0 2754.0 1056.0 1909.0 1194.0 665.0 1974.0 
2481.0 1947.0 1189.0 2132.0 1234.0 2095.0 1480.0 1902.0 2146.0 1619.0 1517.0 1306.0 1582.0 1659.0 2261.0 2046.0 1689.0 950.0 1240.0 2765.0 2824.0 3291.0 2207.0 1158.0 1095.0 3324.0 2364.0 1811.0 1192.0 2113.0 2713.0 3117.0 1751.0 2725.0 2353.0 1872.0 2438.0 991.0 1250.0 1604.0 1762.0 2342.0 1983.0 
1412.0 1485.0 621.0 1396.0 1945.0 1641.0 1517.0 1046.0 2843.0 1950.0 2291.0 2255.0 2925.0 1544.0 2274.0 2379.0 1554.0 1670.0 1453.0 1836.0 1365.0 2677.0 1116.0 2041.0 1217.0 2107.0 2826.0 1539.0 2820.0 2863.0 2954.0 464.0 2436.0 708.0 2430.0 1422.0 2250.0 1537.0 2665.0 2203.0 2039.0 1645.0 1559.0 
1691.0 1010.0 1118.0 2316.0 2883.0 2440.0 2219.0 1582.0 1898.0 2824.0 1425.0 2240.0 2459.0 1702.0 2548.0 1082.0 1579.0 2161.0 2207.0 2026.0 1500.0 1982.0 1841.0 771.0 1563.0 1983.0 1909.0 2083.0 2325.0 2574.0 1899.0 2214.0 1589.0 1678.0 824.0 2343.0 2092.0 1885.0 1283.0 1776.0 1853.0 2532.0 2537.0 
2099.0 1647.0 2180.0 2417.0 1717.0 1749.0 2584.0 2347.0 1743.0 1203.0 1188.0 824.0 1873.0 2220.0 1163.0 1360.0 1110.0 779.0 1652.0 1153.0 315.0 2428.0 2469.0 2381.0 1760.0 2041.0 2287.0 2238.0 2302.0 1580.0 2000.0 2137.0 2897.0 890.0 2323.0 1806.0 1945.0 1798.0 1165.0 1345.0 835.0 2544.0 1130.0 
1604.0 1034.0 1643.0 2113.0 1473.0 799.0 1922.0 1397.0 1888.0 1838.0 1716.0 2110.0 802.0 1494.0 2625.0 1825.0 2195.0 995.0 2231.0 1553.0 2272.0 2483.0 1637.0 2334.0 2142.0 2846.0 2114.0 3448.0 1857.0 2214.0 2102.0 1594.0 1686.0 2002.0 1564.0 1472.0 1396.0 1850.0 1557.0 2229.0 1509.0 3338.0 2278.0 
